46	246	6367	0.107794	0	20180102
52	246	200	0.00633658	0	20180102
8	246	2095	0.700219	0	20180102
8	246	6433	0.700219	0	20180102
52	246	205	0.00633658	0	20180102
8	246	231	0.700219	0	20180102
50	246	3184	0.0359273	0	20180102
58	246	227	0.948867	0	20180102
46	246	2090	0.107794	0	20180102
262	246	4115	0.0859449	0	20180102
180	246	179	0.720983	0	20180102
81	246	5814	0.548762	0	20180102
209	246	4682	0.0109971	0	20180102
344	246	2102	0.211713	0	20180102
564	246	3854	1.86228	0	20180102
8	246	196	0.700219	0	20180102
83	246	216	0.202551	0	20180102
175	246	174	0.844814	0	20180102
58	246	226	0.948867	0	20180102
8	246	228	0.700219	0	20180102
209	246	207	0.0109971	0	20180102
147	246	5140	0.00113903	0	20180102
29	246	168	1.94198e-05	0	20180102
8	246	212	0.700219	0	20180102
81	246	2666	0.548762	0	20180102
12	246	171	0.0119722	0	20180102
175	246	3555	0.844814	0	20180102
8	246	3778	0.700219	0	20180102
194	246	5605	0.000238397	0	20180103
786	246	785	0.0209794	0	20180103
48	246	224	0.00643776	0	20180103
48	246	3956	0.00643776	0	20180103
122	246	1755	0.186963	0	20180103
29	246	211	1.94451e-05	0	20180103
8	246	4467	0.701111	0	20180103
209	246	1490	0.011044	0	20180103
83	246	4044	0.202633	0	20180103
8	246	176	0.701111	0	20180103
46	246	4990	0.107833	0	20180103
77	246	2091	0.000658753	0	20180103
83	246	3556	0.202633	0	20180103
180	246	6632	0.718278	0	20180103
58	246	4841	0.950812	0	20180103
624	246	6180	0.00210361	0	20180103
12	246	2940	0.0119723	0	20180103
175	246	190	0.842946	0	20180103
8	246	2982	0.701111	0	20180103
83	246	213	0.202633	0	20180103
109	246	2868	0.559412	0	20180103
8	246	4214	0.701111	0	20180103
8	246	2099	0.701111	0	20180103
624	246	5892	0.00210361	0	20180103
8	246	2100	0.701111	0	20180103
8	246	4991	0.701111	0	20180103
77	246	237	0.000658753	0	20180103
8	246	186	0.701111	0	20180103
48	246	5035	0.00643776	0	20180103
8	246	798	0.701111	0	20180103
8	246	5861	0.701111	0	20180103
8	246	5260	0.701111	0	20180103
29	246	170	1.94451e-05	0	20180103
46	246	204	0.107833	0	20180103
8	246	4882	0.701111	0	20180103
46	246	3959	0.107833	0	20180103
12	246	782	0.0119723	0	20180103
50	246	4218	0.0361925	0	20180103
8	246	3958	0.701111	0	20180103
257	246	5330	0.174167	0	20180103
571	246	6053	0.00272763	0	20180103
386	246	5292	0.0045634	0	20180103
81	246	2092	0.547988	0	20180103
58	246	225	0.950812	0	20180103
8	246	197	0.701111	0	20180103
77	246	797	0.000658753	0	20180103
180	246	783	0.718278	0	20180103
185	246	184	0.20254	0	20180103
561	246	4176	0.00611105	0	20180104
8	246	6303	0.700381	0	20180104
8	246	2370	0.700381	0	20180104
77	246	4633	0.000657388	0	20180104
8	246	4484	0.700381	0	20180104
8	246	4626	0.700381	0	20180104
8	246	6232	0.700381	0	20180104
8	246	5564	0.700381	0	20180104
8	246	3273	0.700381	0	20180104
8	246	802	0.700381	0	20180104
386	246	4136	0.00455473	0	20180104
257	246	3092	0.174224	0	20180104
344	246	4840	0.21531	0	20180104
321	246	5101	0.0140478	0	20180104
8	246	6208	0.700381	0	20180104
386	246	3859	0.00455473	0	20180104
421	246	4419	0.00688945	0	20180104
629	246	4420	0.526563	0	20180104
8	246	5695	0.700381	0	20180104
77	246	5335	0.000657388	0	20180104
8	246	799	0.700381	0	20180104
58	246	804	0.949331	0	20180104
209	246	1758	0.0110485	0	20180104
8	246	5373	0.700381	0	20180104
629	246	3428	0.526563	0	20180104
8	246	2737	0.700381	0	20180104
8	246	6542	0.700381	0	20180104
8	246	1761	0.700381	0	20180104
8	246	3799	0.700381	0	20180104
429	246	2869	0.218459	0	20180104
77	246	1764	0.000657388	0	20180104
46	246	1763	0.107807	0	20180104
8	246	2950	0.700381	0	20180104
8	246	3884	0.700381	0	20180104
90	246	6234	0.49629	0	20180104
8	246	4485	0.700381	0	20180104
8	246	803	0.700381	0	20180104
29	246	1762	1.9406e-05	0	20180104
8	246	3835	0.700381	0	20180104
109	246	5833	0.559633	0	20180104
46	246	6529	0.107807	0	20180104
8	246	784	0.700381	0	20180104
8	246	2734	0.700714	0	20180105
81	246	1778	0.550551	0	20180105
8	246	791	0.700714	0	20180105
8	246	5372	0.700714	0	20180105
8	246	6118	0.700714	0	20180105
8	246	5694	0.700714	0	20180105
8	246	5770	0.700714	0	20180105
8	246	3872	0.700714	0	20180105
8	246	5834	0.700714	0	20180105
81	246	2863	0.550551	0	20180105
373	246	3730	5.22726e-05	0	20180105
8	246	788	0.700714	0	20180105
415	246	4987	0.0217586	0	20180105
1434	246	1776	0.103765	0	20180105
50	246	787	0.036356	0	20180105
8	246	5177	0.700714	0	20180105
8	246	6199	0.700714	0	20180105
520	246	1777	0.282176	0	20180105
12	246	1774	0.012185	0	20180105
257	246	1772	0.17542	0	20180105
8	246	2843	0.700714	0	20180105
77	246	2231	0.000657639	0	20180105
1434	246	4953	0.103765	0	20180105
77	246	5874	0.000657639	0	20180105
209	246	2544	0.0110554	0	20180105
46	246	4692	0.108058	0	20180105
386	246	3094	0.00456044	0	20180105
8	246	5853	0.700714	0	20180105
109	246	2728	0.564955	0	20180105
29	246	2545	1.83963e-05	0	20180105
122	246	1775	0.186857	0	20180105
209	246	5336	0.0110554	0	20180105
109	246	3920	0.564955	0	20180105
243	246	4664	0.0565923	0	20180105
46	246	4986	0.108058	0	20180105
90	246	6410	0.501291	0	20180105
8	246	3922	0.700714	0	20180105
8	246	3220	0.700714	0	20180105
8	246	4270	0.700714	0	20180105
8	246	3537	0.700714	0	20180105
50	246	1771	0.036356	0	20180105
8	246	2238	0.700714	0	20180105
386	246	5930	0.00456044	0	20180105
8	246	5902	0.702141	0	20180108
564	246	563	1.8674	0	20180108
8	246	3531	0.702141	0	20180108
8	246	5645	0.702141	0	20180108
46	246	3731	0.10815	0	20180108
257	246	2736	0.176086	0	20180108
386	246	2236	0.00457252	0	20180108
12	246	2549	0.012097	0	20180108
8	246	4554	0.702141	0	20180108
8	246	6325	0.702141	0	20180108
588	246	3619	0.0711269	0	20180108
50	246	4422	0.0365084	0	20180108
386	246	2237	0.00457252	0	20180108
386	246	4905	0.00457252	0	20180108
373	246	2912	5.24103e-05	0	20180108
46	246	1780	0.10815	0	20180108
8	246	2551	0.702141	0	20180108
8	246	780	0.702141	0	20180108
209	246	4615	0.0110838	0	20180108
46	246	4318	0.10815	0	20180108
46	246	3102	0.10815	0	20180108
8	246	5261	0.702141	0	20180108
386	246	3924	0.00457252	0	20180108
415	246	4575	0.02183	0	20180108
46	246	1782	0.10815	0	20180108
48	246	3622	0.00650501	0	20180108
8	246	2999	0.702141	0	20180108
109	246	4137	0.56524	0	20180108
8	246	5425	0.702141	0	20180108
8	246	795	0.702141	0	20180108
8	246	3791	0.702141	0	20180108
29	246	1792	1.94343e-05	0	20180108
8	246	2369	0.702141	0	20180108
243	246	5771	0.0564987	0	20180108
8	246	5589	0.702141	0	20180108
8	246	4693	0.702141	0	20180108
8	246	5868	0.702141	0	20180108
8	246	2732	0.702141	0	20180108
8	246	6373	0.702141	0	20180108
373	246	3468	5.23855e-05	0	20180109
575	246	2172	0.0328722	0	20180109
415	246	2696	0.0218233	0	20180109
8	246	4713	0.703432	0	20180109
421	246	6065	0.00692218	0	20180109
561	246	560	0.00610702	0	20180109
109	246	5401	0.564824	0	20180109
58	246	589	0.952447	0	20180109
8	246	3666	0.703432	0	20180109
588	246	586	0.0713983	0	20180109
588	246	587	0.0713983	0	20180109
421	246	2993	0.00692218	0	20180109
8	246	580	0.703432	0	20180109
605	246	680	1.82947	0	20180109
194	246	6075	0.000242703	0	20180109
90	246	4348	0.505064	0	20180109
77	246	579	0.000660376	0	20180109
46	246	2163	0.107946	0	20180109
48	246	689	0.00624329	0	20180109
8	246	696	0.703432	0	20180109
8	246	6283	0.703432	0	20180109
58	246	3526	0.952447	0	20180109
8	246	6514	0.703432	0	20180109
292	246	3419	0.0705195	0	20180109
8	246	2173	0.703432	0	20180109
48	246	3787	0.00624329	0	20180109
683	246	682	0.52838	0	20180109
29	246	679	1.94216e-05	0	20180109
185	246	4053	0.201027	0	20180109
8	246	2174	0.703432	0	20180109
8	246	4050	0.703432	0	20180109
109	246	3855	0.564824	0	20180109
571	246	570	0.00271543	0	20180109
48	246	4350	0.00624329	0	20180109
8	246	4476	0.703432	0	20180109
8	246	581	0.703432	0	20180109
8	246	578	0.703432	0	20180109
48	246	590	0.00624329	0	20180109
8	246	2949	0.703432	0	20180109
8	246	4751	0.703432	0	20180109
520	246	562	0.283211	0	20180109
48	246	695	0.00624329	0	20180109
573	246	3785	0.0867845	0	20180109
8	246	2354	0.703432	0	20180109
8	246	6486	0.703432	0	20180109
8	246	3790	0.703432	0	20180109
8	246	4595	0.703432	0	20180109
257	246	559	0.175792	0	20180109
12	246	2170	0.012327	0	20180110
147	246	583	0.00115452	0	20180110
83	246	5382	0.204456	0	20180110
52	246	690	0.00634138	0	20180110
8	246	6531	0.70108	0	20180110
8	246	3962	0.70108	0	20180110
8	246	582	0.70108	0	20180110
12	246	2992	0.012327	0	20180110
8	246	4104	0.70108	0	20180110
58	246	591	0.950209	0	20180110
8	246	3757	0.70108	0	20180110
29	246	678	1.93194e-05	0	20180110
90	246	2699	0.501412	0	20180110
321	246	4539	0.0139568	0	20180110
12	246	4792	0.012327	0	20180110
209	246	2168	0.0109842	0	20180110
46	246	6631	0.107447	0	20180110
415	246	2360	0.0217565	0	20180110
48	246	3417	0.00624292	0	20180110
575	246	574	0.0328914	0	20180110
243	246	4793	0.0562622	0	20180110
421	246	4513	0.00687738	0	20180110
8	246	5553	0.70108	0	20180110
46	246	681	0.107447	0	20180110
321	246	2790	0.0139568	0	20180110
8	246	5878	0.70108	0	20180110
564	246	565	1.86457	0	20180110
180	246	3789	0.716924	0	20180110
8	246	2945	0.70108	0	20180110
573	246	697	0.0871697	0	20180110
46	246	684	0.107447	0	20180110
46	246	2948	0.107447	0	20180110
109	246	4168	0.561044	0	20180110
81	246	2910	0.548805	0	20180110
8	246	4644	0.70108	0	20180110
8	246	5894	0.70108	0	20180110
46	246	6359	0.107447	0	20180110
52	246	2789	0.00634138	0	20180110
52	246	3665	0.00634138	0	20180110
29	246	5617	1.93194e-05	0	20180110
629	246	5213	0.525036	0	20180110
8	246	3527	0.70108	0	20180110
8	246	4169	0.70108	0	20180110
8	246	4085	0.70108	0	20180110
46	246	2946	0.107447	0	20180110
8	246	4049	0.70108	0	20180110
8	246	687	0.70108	0	20180110
573	246	685	0.0871697	0	20180110
77	246	2159	0.000656996	0	20180110
8	246	6348	0.70108	0	20180110
480	246	2171	0.112897	0	20180110
8	246	686	0.70108	0	20180110
786	246	4925	0.0210048	0	20180110
8	246	6360	0.70108	0	20180110
8	246	6508	0.70108	0	20180110
8	246	2698	0.70108	0	20180110
8	246	3203	0.70108	0	20180110
48	246	576	0.00624292	0	20180110
257	246	2166	0.174898	0	20180110
8	246	4117	0.70108	0	20180110
58	246	5383	0.950209	0	20180110
52	246	3134	0.00635666	0	20180111
8	246	6178	0.702769	0	20180111
58	246	1918	0.946068	0	20180111
8	246	3135	0.702769	0	20180111
8	246	4112	0.702769	0	20180111
58	246	585	0.946068	0	20180111
83	246	1924	0.205308	0	20180111
58	246	5790	0.946068	0	20180111
573	246	572	0.0873027	0	20180111
48	246	2814	0.00628876	0	20180111
58	246	2602	0.946068	0	20180111
109	246	5798	0.560645	0	20180111
90	246	1492	0.506064	0	20180111
154	246	1923	0.517491	0	20180111
58	246	2882	0.946068	0	20180111
480	246	5480	0.113397	0	20180111
8	246	4330	0.702769	0	20180111
109	246	4735	0.560645	0	20180111
90	246	3373	0.506064	0	20180111
180	246	3372	0.717697	0	20180111
8	246	3747	0.702769	0	20180111
46	246	6203	0.108024	0	20180111
243	246	5532	0.0564009	0	20180111
109	246	3319	0.560645	0	20180111
415	246	6604	0.0219245	0	20180111
480	246	5360	0.113397	0	20180111
46	246	2164	0.108024	0	20180111
46	246	4167	0.108024	0	20180111
46	246	4036	0.108024	0	20180111
8	246	4032	0.702769	0	20180111
52	246	2169	0.00635666	0	20180111
1434	246	4964	0.103823	0	20180111
8	246	4248	0.702769	0	20180111
8	246	6546	0.702769	0	20180111
109	246	5684	0.560645	0	20180111
46	246	4744	0.108024	0	20180111
573	246	6022	0.0873027	0	20180111
209	246	6557	0.0110262	0	20180111
8	246	5453	0.702769	0	20180111
243	246	1540	0.0562067	0	20180112
8	246	5884	0.69786	0	20180112
429	246	6266	0.217064	0	20180112
8	246	6548	0.69786	0	20180112
8	246	4141	0.69786	0	20180112
8	246	4641	0.69786	0	20180112
421	246	5679	0.00685117	0	20180112
421	246	6321	0.00685117	0	20180112
8	246	1853	0.69786	0	20180112
8	246	5523	0.69786	0	20180112
109	246	5885	0.558109	0	20180112
243	246	3628	0.0562067	0	20180112
344	246	5063	0.216089	0	20180112
8	246	3934	0.69786	0	20180112
209	246	1539	0.0109854	0	20180112
46	246	5280	0.107794	0	20180112
50	246	4654	0.0366435	0	20180112
8	246	5199	0.69786	0	20180112
81	246	2573	0.550263	0	20180112
8	246	1858	0.69786	0	20180112
12	246	3061	0.0123293	0	20180112
8	246	4329	0.69786	0	20180112
8	246	3629	0.69786	0	20180112
8	246	5324	0.69786	0	20180112
8	246	4776	0.69786	0	20180112
48	246	4024	0.00627403	0	20180112
8	246	5860	0.69786	0	20180112
12	246	1854	0.0123293	0	20180112
575	246	4323	0.0331919	0	20180112
8	246	1849	0.69786	0	20180112
8	246	6141	0.69786	0	20180112
8	246	4653	0.69786	0	20180112
48	246	4431	0.00627403	0	20180112
8	246	5764	0.69786	0	20180112
257	246	1848	0.175761	0	20180112
8	246	5707	0.69786	0	20180112
480	246	3739	0.11371	0	20180112
109	246	1846	0.558109	0	20180112
77	246	4246	0.000651475	0	20180112
90	246	5995	0.507344	0	20180112
624	246	5318	0.00211684	0	20180112
147	246	5148	0.00115524	0	20180116
243	246	4352	0.0566589	0	20180116
209	246	5817	0.0109017	0	20180116
8	246	4482	0.695097	0	20180116
8	246	2521	0.695097	0	20180116
12	246	4267	0.0123271	0	20180116
8	246	986	0.695097	0	20180116
386	246	5037	0.00451626	0	20180116
8	246	1687	0.695097	0	20180116
8	246	3213	0.695097	0	20180116
8	246	5756	0.695097	0	20180116
421	246	5556	0.00684285	0	20180116
8	246	2717	0.695097	0	20180116
8	246	4134	0.695097	0	20180116
573	246	1034	0.0882696	0	20180116
8	246	4064	0.695097	0	20180116
46	246	2718	0.108027	0	20180116
8	246	988	0.695097	0	20180116
8	246	1506	0.695097	0	20180116
109	246	5195	0.559704	0	20180116
8	246	6231	0.695097	0	20180116
12	246	2516	0.0123271	0	20180116
8	246	3341	0.695097	0	20180116
8	246	655	0.695097	0	20180116
8	246	5245	0.695097	0	20180116
46	246	5076	0.108027	0	20180116
52	246	3278	0.00628726	0	20180116
81	246	2836	0.553853	0	20180116
520	246	659	0.281983	0	20180116
58	246	669	0.95555	0	20180116
77	246	4542	0.000654949	0	20180116
48	246	4545	0.00627627	0	20180116
58	246	6351	0.95555	0	20180116
262	246	979	0.0866867	0	20180116
243	246	5582	0.0566589	0	20180116
8	246	6289	0.695097	0	20180116
8	246	5896	0.695097	0	20180116
8	246	672	0.695097	0	20180116
421	246	5935	0.00684285	0	20180116
58	246	1504	0.95555	0	20180116
257	246	3797	0.175751	0	20180116
180	246	4878	0.719637	0	20180116
8	246	5784	0.695097	0	20180116
48	246	2282	0.0063011	0	20180117
209	246	1040	0.010865	0	20180117
209	246	6334	0.010865	0	20180117
1005	246	1004	0.00675218	0	20180117
46	246	6004	0.108023	0	20180117
209	246	1011	0.010865	0	20180117
8	246	5428	0.695137	0	20180117
321	246	1043	0.0137776	0	20180117
46	246	1507	0.108023	0	20180117
8	246	1684	0.695137	0	20180117
218	246	1018	0.189282	0	20180117
8	246	2520	0.695137	0	20180117
8	246	5050	0.695137	0	20180117
46	246	6470	0.108023	0	20180117
8	246	1685	0.695137	0	20180117
8	246	5926	0.695137	0	20180117
8	246	4414	0.695137	0	20180117
321	246	1044	0.0137776	0	20180117
8	246	5961	0.695137	0	20180117
8	246	5527	0.695137	0	20180117
8	246	2519	0.695137	0	20180117
48	246	4500	0.0063011	0	20180117
58	246	3083	0.958455	0	20180117
8	246	3727	0.695137	0	20180117
12	246	3809	0.0122832	0	20180117
1005	246	1006	0.00675218	0	20180117
46	246	3009	0.108023	0	20180117
257	246	4501	0.17594	0	20180117
12	246	3235	0.0122832	0	20180117
8	246	6525	0.695137	0	20180117
8	246	2757	0.695137	0	20180117
58	246	3567	0.958455	0	20180117
421	246	6603	0.00678447	0	20180117
209	246	1017	0.010865	0	20180117
257	246	5180	0.17594	0	20180117
243	246	2515	0.0563704	0	20180117
8	246	3617	0.695137	0	20180117
58	246	3339	0.958455	0	20180117
8	246	4016	0.695137	0	20180117
373	246	1008	5.21757e-05	0	20180117
415	246	1681	0.0217741	0	20180117
8	246	5836	0.695137	0	20180117
8	246	2803	0.695137	0	20180117
109	246	1686	0.559466	0	20180117
8	246	4185	0.695137	0	20180117
786	246	5508	0.0213079	0	20180117
8	246	4571	0.695137	0	20180117
58	246	1026	0.958455	0	20180117
415	246	5993	0.0217259	0	20180118
8	246	4311	0.694163	0	20180118
8	246	3340	0.694163	0	20180118
109	246	5450	0.55774	0	20180118
8	246	5179	0.694163	0	20180118
257	246	1028	0.175272	0	20180118
209	246	3890	0.010873	0	20180118
8	246	6625	0.694163	0	20180118
415	246	1680	0.0217259	0	20180118
8	246	5671	0.694163	0	20180118
8	246	6530	0.694163	0	20180118
8	246	4992	0.694163	0	20180118
373	246	5304	5.19389e-05	0	20180118
175	246	5696	0.849308	0	20180118
629	246	5945	0.523778	0	20180118
8	246	5640	0.694163	0	20180118
8	246	3992	0.694163	0	20180118
12	246	5305	0.0122299	0	20180118
8	246	5277	0.694163	0	20180118
321	246	3010	0.0137051	0	20180118
90	246	1038	0.503754	0	20180118
8	246	4619	0.694163	0	20180118
58	246	6516	0.963915	0	20180118
12	246	4636	0.0122299	0	20180118
81	246	6148	0.552831	0	20180118
8	246	4080	0.694163	0	20180118
8	246	3084	0.694163	0	20180118
8	246	6130	0.694163	0	20180118
48	246	2756	0.00623406	0	20180118
573	246	4272	0.0884577	0	20180118
8	246	6463	0.694163	0	20180118
366	246	1019	0.0243182	0	20180118
46	246	997	0.107955	0	20180118
373	246	5038	5.19389e-05	0	20180118
81	246	4887	0.552831	0	20180118
12	246	3510	0.0122299	0	20180118
257	246	2391	0.175272	0	20180118
109	246	2758	0.55774	0	20180118
8	246	1007	0.694163	0	20180118
209	246	1013	0.010873	0	20180118
77	246	4602	0.000651307	0	20180118
83	246	1037	0.202557	0	20180118
46	246	5946	0.107955	0	20180118
50	246	5516	0.0372022	0	20180119
8	246	4780	0.693105	0	20180119
109	246	5821	0.556309	0	20180119
344	246	5919	0.215766	0	20180119
209	246	1012	0.0108776	0	20180119
29	246	6357	1.86927e-05	0	20180119
8	246	3889	0.693105	0	20180119
12	246	3337	0.012248	0	20180119
415	246	5563	0.0217602	0	20180119
209	246	1041	0.0108776	0	20180119
8	246	4886	0.693105	0	20180119
8	246	6566	0.693105	0	20180119
8	246	5065	0.693105	0	20180119
12	246	6051	0.012248	0	20180119
8	246	3380	0.693105	0	20180119
83	246	4706	0.203495	0	20180119
46	246	3754	0.108244	0	20180119
8	246	3750	0.693105	0	20180119
48	246	4445	0.00624138	0	20180119
109	246	4149	0.556309	0	20180119
209	246	1015	0.0108776	0	20180119
1434	246	1954	0.102631	0	20180119
58	246	5287	0.962411	0	20180119
8	246	4017	0.693105	0	20180119
209	246	4853	0.0108776	0	20180119
109	246	4443	0.556309	0	20180119
46	246	4207	0.108244	0	20180119
90	246	2938	0.505828	0	20180119
8	246	6549	0.693105	0	20180119
8	246	2614	0.693105	0	20180119
209	246	3378	0.0108776	0	20180119
8	246	3437	0.693105	0	20180119
58	246	4548	0.962411	0	20180119
8	246	5786	0.693105	0	20180119
83	246	3379	0.203495	0	20180119
8	246	5164	0.693105	0	20180119
8	246	3145	0.693105	0	20180119
257	246	4062	0.176071	0	20180119
373	246	3532	5.1992e-05	0	20180119
194	246	2747	0.000243161	0	20180122
209	246	2744	0.0108536	0	20180122
8	246	2260	0.693433	0	20180122
83	246	2745	0.202699	0	20180122
321	246	5220	0.0136801	0	20180122
52	246	2832	0.00627244	0	20180122
209	246	2266	0.0108536	0	20180122
421	246	3434	0.00678772	0	20180122
8	246	6349	0.693433	0	20180122
262	246	3433	0.0863381	0	20180122
257	246	2750	0.175931	0	20180122
321	246	3229	0.0136801	0	20180122
373	246	2748	5.20049e-05	0	20180122
12	246	5916	0.0122458	0	20180122
48	246	3972	0.00625842	0	20180122
415	246	4695	0.0217473	0	20180122
154	246	4931	0.517491	0	20180122
415	246	4930	0.0217473	0	20180122
185	246	1696	0.203735	0	20180122
8	246	3913	0.693433	0	20180122
561	246	1690	0.00606999	0	20180122
8	246	4600	0.693433	0	20180122
373	246	4181	5.20049e-05	0	20180122
58	246	6190	0.963907	0	20180122
46	246	5803	0.108357	0	20180123
12	246	1697	0.012294	0	20180123
46	246	2272	0.108357	0	20180123
421	246	3436	0.00678662	0	20180123
421	246	2522	0.00678662	0	20180123
90	246	2753	0.508631	0	20180123
8	246	5286	0.693525	0	20180123
90	246	4180	0.508631	0	20180123
83	246	4601	0.202667	0	20180123
8	246	4061	0.693525	0	20180123
46	246	4652	0.108357	0	20180123
421	246	6302	0.00678662	0	20180123
321	246	3230	0.0136427	0	20180123
77	246	2833	0.000648821	0	20180123
46	246	3085	0.108357	0	20180123
8	246	5769	0.693525	0	20180123
81	246	1694	0.554057	0	20180123
243	246	3471	0.0571817	0	20180123
8	246	6417	0.693525	0	20180123
46	246	3973	0.108357	0	20180123
421	246	4572	0.00678662	0	20180123
575	246	3833	0.0334358	0	20180123
46	246	4487	0.108357	0	20180123
8	246	3435	0.693525	0	20180123
321	246	5451	0.0136427	0	20180123
243	246	1692	0.0571817	0	20180123
209	246	961	0.010875	0	20180123
8	246	5413	0.693525	0	20180123
8	246	6078	0.693525	0	20180123
194	246	3831	0.000242984	0	20180123
12	246	1701	0.012294	0	20180123
8	246	5168	0.693525	0	20180123
8	246	3231	0.693525	0	20180123
81	246	2746	0.554057	0	20180123
421	246	6301	0.00678662	0	20180123
344	246	2262	0.217215	0	20180123
185	246	4902	0.203475	0	20180123
12	246	5507	0.012294	0	20180123
8	246	5643	0.693525	0	20180123
8	246	6156	0.693525	0	20180123
292	246	2275	0.0695263	0	20180123
185	246	4182	0.203475	0	20180123
321	246	2754	0.0136427	0	20180123
83	246	6230	0.202667	0	20180123
629	246	4715	0.524488	0	20180124
185	246	927	0.204418	0	20180124
48	246	1702	0.00626907	0	20180124
8	246	972	0.689911	0	20180124
8	246	2524	0.689911	0	20180124
520	246	944	0.2809	0	20180124
344	246	953	0.213972	0	20180124
209	246	3276	0.0108402	0	20180124
8	246	2274	0.689911	0	20180124
8	246	4716	0.689911	0	20180124
8	246	977	0.689911	0	20180124
480	246	2845	0.114462	0	20180124
415	246	4813	0.0217638	0	20180124
262	246	5555	0.0863252	0	20180124
147	246	2752	0.00113444	0	20180124
83	246	962	0.202558	0	20180124
175	246	934	0.852178	0	20180124
8	246	974	0.689911	0	20180124
8	246	4283	0.689911	0	20180124
8	246	3342	0.689911	0	20180124
29	246	5427	1.87879e-05	0	20180124
109	246	954	0.55904	0	20180124
8	246	6102	0.689911	0	20180124
81	246	950	0.553033	0	20180124
109	246	3832	0.55904	0	20180124
344	246	6544	0.213972	0	20180124
421	246	5895	0.00676118	0	20180124
373	246	2270	5.17912e-05	0	20180124
180	246	6304	0.72584	0	20180124
415	246	4661	0.0217638	0	20180124
321	246	968	0.0135255	0	20180124
12	246	970	0.0122349	0	20180124
8	246	3472	0.689911	0	20180124
175	246	957	0.852178	0	20180124
46	246	2271	0.107937	0	20180124
109	246	6329	0.55904	0	20180124
12	246	1107	0.0122349	0	20180124
81	246	5583	0.553033	0	20180124
209	246	943	0.0108402	0	20180124
8	246	932	0.689911	0	20180124
8	246	6169	0.689911	0	20180124
243	246	971	0.0576552	0	20180124
46	246	3914	0.107937	0	20180124
262	246	3821	0.0863252	0	20180124
46	246	1700	0.107937	0	20180124
58	246	2385	0.975258	0	20180124
83	246	976	0.202005	0	20180125
46	246	5340	0.108447	0	20180125
8	246	1861	0.687423	0	20180125
209	246	935	0.0108258	0	20180125
77	246	4962	0.000642091	0	20180125
415	246	5495	0.021882	0	20180125
624	246	5348	0.00214934	0	20180125
8	246	5161	0.687423	0	20180125
81	246	948	0.5564	0	20180125
8	246	6485	0.687423	0	20180125
575	246	5956	0.0336082	0	20180125
624	246	2579	0.00214934	0	20180125
415	246	5111	0.021882	0	20180125
8	246	5291	0.687423	0	20180125
415	246	4204	0.021882	0	20180125
81	246	6139	0.5564	0	20180125
81	246	6267	0.5564	0	20180125
8	246	6324	0.687423	0	20180125
8	246	2584	0.687423	0	20180125
8	246	2581	0.687423	0	20180125
8	246	938	0.687423	0	20180125
8	246	5237	0.687423	0	20180125
573	246	3364	0.0889741	0	20180125
243	246	3363	0.0577829	0	20180125
8	246	975	0.687423	0	20180125
243	246	3743	0.0577829	0	20180125
8	246	2812	0.687423	0	20180125
12	246	4733	0.012291	0	20180125
209	246	1882	0.0108258	0	20180125
109	246	5496	0.557837	0	20180125
83	246	3631	0.202005	0	20180125
386	246	5585	0.00446556	0	20180125
83	246	929	0.202005	0	20180125
629	246	5488	0.52664	0	20180125
8	246	3990	0.687423	0	20180125
90	246	3541	0.505325	0	20180125
12	246	2582	0.012291	0	20180125
109	246	955	0.557837	0	20180125
8	246	4668	0.687423	0	20180125
8	246	4667	0.687423	0	20180125
185	246	4027	0.205963	0	20180125
8	246	5887	0.687423	0	20180125
8	246	1871	0.687423	0	20180125
8	246	4580	0.687423	0	20180125
321	246	2384	0.0134733	0	20180125
8	246	1867	0.687423	0	20180125
8	246	4324	0.687423	0	20180125
77	246	5888	0.000642091	0	20180125
243	246	3124	0.0577829	0	20180125
8	246	5092	0.687423	0	20180125
292	246	941	0.0689146	0	20180125
8	246	4669	0.687423	0	20180125
81	246	949	0.5564	0	20180125
8	246	4025	0.687423	0	20180125
58	246	2586	0.980128	0	20180125
8	246	5793	0.687423	0	20180125
12	246	3122	0.012291	0	20180125
12	246	1870	0.012291	0	20180125
520	246	4662	0.281346	0	20180125
52	246	2585	0.00621375	0	20180126
46	246	1872	0.108693	0	20180126
90	246	5254	0.502949	0	20180126
8	246	5923	0.686995	0	20180126
8	246	1868	0.686995	0	20180126
8	246	1869	0.686995	0	20180126
415	246	5529	0.0219102	0	20180126
58	246	3440	0.978762	0	20180126
8	246	4848	0.686995	0	20180126
344	246	6591	0.218928	0	20180126
8	246	3123	0.686995	0	20180126
46	246	1873	0.108693	0	20180126
421	246	4582	0.00675644	0	20180126
243	246	1878	0.0578361	0	20180126
109	246	2583	0.557581	0	20180126
421	246	3862	0.00675644	0	20180126
321	246	3240	0.0135185	0	20180126
624	246	4028	0.00214244	0	20180126
8	246	1801	0.686995	0	20180126
8	246	5528	0.686995	0	20180126
8	246	5789	0.686995	0	20180126
373	246	1874	5.16421e-05	0	20180126
8	246	2556	0.686995	0	20180126
50	246	1865	0.0372008	0	20180126
109	246	6210	0.557581	0	20180126
109	246	5201	0.557581	0	20180126
46	246	4908	0.108693	0	20180126
50	246	2762	0.0372008	0	20180126
8	246	3361	0.686995	0	20180126
344	246	5827	0.218928	0	20180126
8	246	6315	0.686995	0	20180126
573	246	5647	0.0893152	0	20180126
12	246	2765	0.0123054	0	20180126
8	246	4023	0.688374	0	20180129
8	246	4825	0.688374	0	20180129
8	246	3687	0.688374	0	20180129
122	246	5113	0.183566	0	20180129
8	246	4906	0.688374	0	20180129
58	246	4273	0.96806	0	20180129
8	246	3243	0.688374	0	20180129
58	246	1053	0.96806	0	20180129
257	246	6248	0.177897	0	20180129
415	246	6455	0.0219584	0	20180129
8	246	2838	0.688374	0	20180129
46	246	3050	0.108825	0	20180129
209	246	3734	0.0108325	0	20180129
46	246	6513	0.108825	0	20180129
8	246	5578	0.688374	0	20180129
46	246	1489	0.108825	0	20180129
8	246	6543	0.688374	0	20180129
243	246	2294	0.057359	0	20180129
12	246	1049	0.0122289	0	20180129
185	246	2296	0.206254	0	20180129
786	246	5966	0.0213079	0	20180129
366	246	4022	0.0242419	0	20180129
12	246	3111	0.0122289	0	20180129
575	246	3811	0.033691	0	20180129
109	246	2965	0.558066	0	20180129
262	246	5606	0.087305	0	20180129
58	246	2301	0.96806	0	20180129
58	246	4217	0.96806	0	20180129
683	246	3244	0.52624	0	20180129
257	246	2298	0.177897	0	20180129
8	246	4066	0.688374	0	20180129
588	246	4189	0.0716597	0	20180129
8	246	3110	0.688374	0	20180129
46	246	2297	0.108825	0	20180129
8	246	3279	0.688374	0	20180129
209	246	2295	0.0108325	0	20180129
8	246	3624	0.688374	0	20180129
58	246	1062	0.970618	0	20180130
8	246	4138	0.687212	0	20180130
58	246	3925	0.970618	0	20180130
624	246	2395	0.00213135	0	20180130
8	246	5434	0.687212	0	20180130
175	246	4576	0.853586	0	20180130
8	246	3927	0.687212	0	20180130
561	246	1071	0.00605663	0	20180130
8	246	5847	0.687212	0	20180130
8	246	1065	0.687212	0	20180130
8	246	3994	0.687212	0	20180130
415	246	5981	0.0218468	0	20180130
109	246	5060	0.55744	0	20180130
8	246	5415	0.687212	0	20180130
386	246	1059	0.00446914	0	20180130
50	246	3892	0.0367528	0	20180130
90	246	5114	0.503245	0	20180130
209	246	3350	0.0107792	0	20180130
415	246	6121	0.0218468	0	20180130
83	246	1815	0.202181	0	20180130
12	246	4427	0.0122081	0	20180130
8	246	4240	0.687212	0	20180130
12	246	1812	0.0122081	0	20180130
8	246	6209	0.687212	0	20180130
344	246	3875	0.217142	0	20180130
52	246	3284	0.00621578	0	20180130
83	246	1800	0.202181	0	20180130
8	246	5594	0.687212	0	20180130
46	246	1115	0.10846	0	20180130
8	246	4845	0.687212	0	20180130
683	246	3280	0.52383	0	20180130
46	246	5797	0.10846	0	20180130
262	246	1110	0.0868657	0	20180130
90	246	4812	0.503245	0	20180130
8	246	2555	0.687212	0	20180130
243	246	3012	0.0577472	0	20180130
8	246	3706	0.687212	0	20180130
8	246	2557	0.687212	0	20180130
209	246	3900	0.0107792	0	20180130
8	246	5307	0.687212	0	20180130
8	246	6245	0.687212	0	20180130
8	246	2846	0.687212	0	20180130
321	246	1105	0.0134642	0	20180130
344	246	3993	0.217142	0	20180130
83	246	1806	0.202181	0	20180130
575	246	1087	0.0336968	0	20180130
573	246	5290	0.0892611	0	20180130
421	246	5115	0.00675592	0	20180130
8	246	2559	0.687212	0	20180130
109	246	1076	0.55744	0	20180130
8	246	5883	0.687212	0	20180130
415	246	1050	0.0218468	0	20180130
257	246	1104	0.176604	0	20180131
77	246	2815	0.000640489	0	20180131
58	246	2966	0.971847	0	20180131
58	246	1069	0.971847	0	20180131
8	246	3352	0.686284	0	20180131
46	246	1116	0.109003	0	20180131
8	246	102	0.686284	0	20180131
12	246	2967	0.0122149	0	20180131
344	246	3282	0.216801	0	20180131
8	246	129	0.686284	0	20180131
48	246	2393	0.00630544	0	20180131
46	246	1081	0.109003	0	20180131
46	246	1082	0.109003	0	20180131
109	246	1077	0.558272	0	20180131
8	246	3554	0.686284	0	20180131
8	246	5099	0.686284	0	20180131
154	246	153	0.517491	0	20180131
58	246	4389	0.971847	0	20180131
33	246	6335	0.18854	0	20180131
8	246	91	0.686284	0	20180131
180	246	2562	0.735567	0	20180131
8	246	4612	0.686284	0	20180131
52	246	4811	0.00620732	0	20180131
243	246	3106	0.0579089	0	20180131
8	246	1111	0.686284	0	20180131
415	246	3487	0.0218841	0	20180131
83	246	5126	0.201552	0	20180131
8	246	84	0.686284	0	20180131
8	246	3695	0.686284	0	20180131
373	246	1091	5.11656e-05	0	20180131
8	246	4888	0.686284	0	20180131
185	246	1101	0.20598	0	20180131
52	246	3283	0.00620732	0	20180131
480	246	5478	0.114877	0	20180131
58	246	1057	0.971847	0	20180131
8	246	5102	0.686284	0	20180131
8	246	4907	0.686284	0	20180131
109	246	126	0.558272	0	20180131
48	246	3569	0.00630544	0	20180131
8	246	6412	0.686284	0	20180131
344	246	6227	0.216801	0	20180131
8	246	3735	0.686284	0	20180131
58	246	56	0.976924	0	20180201
8	246	150	0.687055	0	20180201
8	246	2958	0.687055	0	20180201
12	246	901	0.0122119	0	20180201
8	246	63	0.687055	0	20180201
8	246	5107	0.687055	0	20180201
8	246	13	0.687055	0	20180201
122	246	2378	0.183215	0	20180201
8	246	2960	0.687055	0	20180201
8	246	151	0.687055	0	20180201
50	246	3773	0.0373391	0	20180201
8	246	159	0.687055	0	20180201
573	246	4220	0.0894417	0	20180201
109	246	2377	0.559127	0	20180201
480	246	916	0.115011	0	20180201
8	246	160	0.687055	0	20180201
83	246	5368	0.200483	0	20180201
8	246	106	0.687055	0	20180201
8	246	883	0.687055	0	20180201
48	246	907	0.00629286	0	20180201
109	246	3882	0.559127	0	20180201
52	246	3181	0.00621468	0	20180201
8	246	2894	0.687055	0	20180201
48	246	3564	0.00629286	0	20180201
8	246	5898	0.687055	0	20180201
29	246	5003	1.85942e-05	0	20180201
29	246	28	1.85942e-05	0	20180201
8	246	107	0.687055	0	20180201
52	246	884	0.00621468	0	20180201
81	246	80	0.552667	0	20180201
8	246	3873	0.687055	0	20180201
8	246	891	0.687055	0	20180201
8	246	5469	0.687055	0	20180201
58	246	3771	0.976924	0	20180201
257	246	2664	0.174167	0	20180201
12	246	57	0.0122119	0	20180201
122	246	138	0.183215	0	20180201
12	246	11	0.0122119	0	20180201
243	246	5399	0.0577389	0	20180201
8	246	3274	0.687055	0	20180201
243	246	3656	0.0577389	0	20180201
8	246	22	0.687055	0	20180201
8	246	5905	0.687055	0	20180201
386	246	3180	0.00446299	0	20180201
8	246	2084	0.687055	0	20180201
629	246	2657	0.52383	0	20180201
386	246	4041	0.00446299	0	20180201
8	246	111	0.687055	0	20180201
8	246	2956	0.687055	0	20180201
8	246	120	0.687055	0	20180201
83	246	917	0.200483	0	20180201
8	246	92	0.687055	0	20180201
588	246	4922	0.071866	0	20180201
77	246	76	0.000641508	0	20180201
8	246	85	0.687055	0	20180201
8	246	104	0.687055	0	20180201
8	246	105	0.687055	0	20180201
46	246	3655	0.10902	0	20180201
8	246	25	0.687055	0	20180201
83	246	918	0.200483	0	20180201
386	246	3988	0.00446299	0	20180201
8	246	4865	0.687055	0	20180201
58	246	909	0.976924	0	20180201
605	246	2893	1.78688	0	20180201
480	246	2076	0.115011	0	20180201
8	246	2957	0.687055	0	20180201
8	246	3540	0.687055	0	20180201
50	246	4591	0.0373391	0	20180201
8	246	2663	0.687055	0	20180201
81	246	2379	0.552667	0	20180201
8	246	38	0.687055	0	20180201
180	246	4258	0.736393	0	20180201
52	246	2068	0.00621468	0	20180201
8	246	158	0.687055	0	20180201
50	246	130	0.0373391	0	20180201
8	246	925	0.687055	0	20180201
243	246	2082	0.0577389	0	20180201
8	246	2373	0.687055	0	20180201
8	246	62	0.687055	0	20180201
81	246	4346	0.548593	0	20180202
8	246	3533	0.685999	0	20180202
83	246	82	0.2	0	20180202
8	246	4681	0.685999	0	20180202
8	246	6074	0.685999	0	20180202
8	246	152	0.685999	0	20180202
8	246	123	0.685999	0	20180202
8	246	93	0.685999	0	20180202
8	246	5688	0.685999	0	20180202
262	246	5456	0.0873328	0	20180202
83	246	5687	0.2	0	20180202
243	246	6467	0.0573127	0	20180202
386	246	6093	0.00445008	0	20180202
243	246	5070	0.0573127	0	20180202
8	246	99	0.685999	0	20180202
8	246	922	0.685999	0	20180202
8	246	145	0.685999	0	20180202
8	246	59	0.685999	0	20180202
292	246	5106	0.000205596	0	20180202
8	246	86	0.685999	0	20180202
292	246	924	0.000205596	0	20180202
90	246	6496	0.506816	0	20180202
480	246	900	0.115137	0	20180202
8	246	114	0.685999	0	20180202
8	246	70	0.685999	0	20180202
8	246	132	0.685999	0	20180202
8	246	113	0.685999	0	20180202
8	246	5433	0.685999	0	20180202
58	246	910	0.975696	0	20180202
109	246	108	0.554119	0	20180202
8	246	64	0.685999	0	20180202
8	246	905	0.685999	0	20180202
209	246	877	0.0107057	0	20180202
33	246	32	0.188461	0	20180202
8	246	96	0.685999	0	20180202
321	246	3182	0.0133227	0	20180202
8	246	4699	0.685999	0	20180202
50	246	112	0.0370314	0	20180202
8	246	17	0.685999	0	20180202
8	246	5004	0.685999	0	20180202
8	246	2067	0.685999	0	20180202
421	246	3774	0.00669725	0	20180202
58	246	2374	0.975696	0	20180202
83	246	4042	0.2	0	20180202
588	246	4786	0.0715497	0	20180202
46	246	2981	0.10933	0	20180202
8	246	10	0.685999	0	20180202
33	246	53	0.188461	0	20180202
8	246	3003	0.685999	0	20180202
243	246	2822	0.0573127	0	20180202
8	246	5329	0.685999	0	20180202
415	246	6147	0.0218826	0	20180202
109	246	137	0.554119	0	20180202
8	246	5947	0.685999	0	20180202
50	246	3275	0.0370314	0	20180202
8	246	2662	0.685999	0	20180202
185	246	4256	0.205826	0	20180202
81	246	4040	0.548593	0	20180202
8	246	98	0.685999	0	20180202
415	246	3657	0.0218826	0	20180202
8	246	6466	0.685999	0	20180202
8	246	3104	0.687428	0	20180205
185	246	1714	0.205971	0	20180205
180	246	6233	0.738138	0	20180205
109	246	1711	0.550691	0	20180205
321	246	5230	0.0133078	0	20180205
46	246	1713	0.109194	0	20180205
8	246	5344	0.687428	0	20180205
8	246	4649	0.687428	0	20180205
8	246	1447	0.687428	0	20180205
8	246	6221	0.687428	0	20180205
48	246	2531	0.00625219	0	20180205
48	246	1399	0.00625219	0	20180205
344	246	2527	0.214459	0	20180205
83	246	5796	0.199718	0	20180205
48	246	4416	0.00625219	0	20180205
209	246	1724	0.0107361	0	20180205
8	246	2804	0.687428	0	20180205
46	246	5845	0.109194	0	20180205
8	246	5704	0.687428	0	20180205
109	246	1710	0.550691	0	20180205
8	246	3586	0.687428	0	20180205
48	246	3302	0.00625219	0	20180205
8	246	1448	0.687428	0	20180205
8	246	1390	0.687428	0	20180205
257	246	4663	0.176377	0	20180205
8	246	1395	0.687428	0	20180205
46	246	4508	0.109194	0	20180205
46	246	2529	0.109194	0	20180205
48	246	3345	0.00625219	0	20180205
8	246	6483	0.687428	0	20180205
12	246	5269	0.0121394	0	20180205
8	246	4297	0.687428	0	20180205
52	246	2532	0.00626992	0	20180205
8	246	3306	0.687428	0	20180205
8	246	5272	0.687428	0	20180205
12	246	2438	0.0121394	0	20180205
8	246	5444	0.687428	0	20180205
58	246	1444	0.965699	0	20180205
12	246	1389	0.0121394	0	20180205
8	246	5521	0.688848	0	20180206
8	246	2436	0.688848	0	20180206
8	246	4763	0.688848	0	20180206
8	246	1449	0.688848	0	20180206
8	246	1397	0.688848	0	20180206
8	246	3041	0.688848	0	20180206
8	246	1393	0.688848	0	20180206
8	246	3307	0.688848	0	20180206
58	246	5737	0.959669	0	20180206
90	246	4665	0.501412	0	20180206
109	246	1401	0.549759	0	20180206
48	246	2445	0.00633715	0	20180206
48	246	3458	0.00633715	0	20180206
8	246	6034	0.688848	0	20180206
50	246	1441	0.036835	0	20180206
8	246	4956	0.688848	0	20180206
209	246	1404	0.0107176	0	20180206
429	246	5899	0.212084	0	20180206
575	246	4509	0.0336615	0	20180206
1434	246	2796	0.102115	0	20180206
321	246	5855	0.013363	0	20180206
52	246	3346	0.0062311	0	20180206
58	246	2534	0.959669	0	20180206
8	246	3353	0.688848	0	20180206
12	246	2805	0.0120387	0	20180206
46	246	1754	0.109605	0	20180206
109	246	2528	0.549759	0	20180206
564	246	3822	1.83204	0	20180206
321	246	4005	0.013363	0	20180206
209	246	1725	0.0107176	0	20180206
29	246	3303	1.86417e-05	0	20180206
12	246	1723	0.0120387	0	20180206
12	246	1795	0.0120387	0	20180206
52	246	4094	0.00623664	0	20180207
373	246	1732	5.09457e-05	0	20180207
90	246	3716	0.505572	0	20180207
12	246	1734	0.0121055	0	20180207
8	246	3038	0.689448	0	20180207
262	246	3039	0.0865521	0	20180207
12	246	2437	0.0121055	0	20180207
8	246	4650	0.689448	0	20180207
122	246	1442	0.183853	0	20180207
8	246	1421	0.689448	0	20180207
629	246	2851	0.523181	0	20180207
8	246	4773	0.689448	0	20180207
629	246	2537	0.523181	0	20180207
50	246	1744	0.0369693	0	20180207
77	246	6120	0.000630036	0	20180207
48	246	2440	0.00630093	0	20180207
8	246	5267	0.689448	0	20180207
8	246	4651	0.689448	0	20180207
52	246	4095	0.00623664	0	20180207
243	246	5660	0.0576705	0	20180207
8	246	1450	0.689448	0	20180207
8	246	6489	0.689448	0	20180207
46	246	3088	0.110158	0	20180207
8	246	5871	0.689448	0	20180207
12	246	5414	0.0121055	0	20180207
8	246	6519	0.689448	0	20180207
8	246	4720	0.689448	0	20180207
8	246	1728	0.689448	0	20180207
575	246	4904	0.0337171	0	20180207
344	246	3728	0.211442	0	20180207
109	246	4111	0.549536	0	20180207
8	246	2526	0.689448	0	20180207
8	246	5047	0.689448	0	20180207
575	246	4839	0.0337171	0	20180207
46	246	5985	0.110158	0	20180207
218	246	3305	0.187733	0	20180207
564	246	1422	1.83364	0	20180207
48	246	5234	0.00630093	0	20180207
262	246	1415	0.0865521	0	20180207
8	246	3456	0.689448	0	20180207
8	246	5808	0.689448	0	20180207
8	246	5120	0.689448	0	20180207
386	246	3618	0.00446092	0	20180207
386	246	6153	0.00447825	0	20180208
12	246	1751	0.0120033	0	20180208
8	246	5706	0.692275	0	20180208
1434	246	1433	0.102397	0	20180208
48	246	4295	0.00632908	0	20180208
90	246	1438	0.499269	0	20180208
77	246	5388	0.000639043	0	20180208
46	246	5270	0.109485	0	20180208
81	246	3105	0.540805	0	20180208
8	246	1707	0.692275	0	20180208
8	246	5472	0.692275	0	20180208
257	246	5058	0.176353	0	20180208
46	246	1745	0.109485	0	20180208
209	246	1741	0.0107896	0	20180208
8	246	5443	0.692275	0	20180208
8	246	5634	0.692275	0	20180208
344	246	3823	0.213264	0	20180208
12	246	3090	0.0120033	0	20180208
8	246	4123	0.692275	0	20180208
52	246	1749	0.00626217	0	20180208
292	246	4621	2.77604e-05	0	20180208
185	246	2852	0.2029	0	20180208
109	246	5437	0.550079	0	20180208
8	246	2853	0.692275	0	20180208
46	246	1427	0.109485	0	20180208
8	246	3457	0.692275	0	20180208
209	246	1740	0.0107896	0	20180208
209	246	1432	0.0107896	0	20180208
46	246	4125	0.109485	0	20180208
561	246	4764	0.00605918	0	20180208
8	246	5471	0.692275	0	20180208
8	246	4238	0.692275	0	20180208
8	246	4124	0.692275	0	20180208
321	246	5929	0.0135191	0	20180208
209	246	1394	0.0107896	0	20180208
8	246	5705	0.692275	0	20180208
8	246	1443	0.692275	0	20180208
50	246	1748	0.0366642	0	20180208
421	246	5279	0.00673092	0	20180208
386	246	4315	0.00447825	0	20180208
12	246	5844	0.0120033	0	20180208
8	246	4135	0.692275	0	20180208
29	246	1747	1.87208e-05	0	20180208
321	246	4916	0.0134927	0	20180209
421	246	5364	0.00673232	0	20180209
292	246	3150	2.77581e-05	0	20180209
8	246	3148	0.692217	0	20180209
8	246	6236	0.692217	0	20180209
8	246	5637	0.692217	0	20180209
421	246	5204	0.00673232	0	20180209
52	246	6071	0.0062616	0	20180209
257	246	1966	0.175757	0	20180209
90	246	2620	0.499642	0	20180209
8	246	5653	0.692217	0	20180209
83	246	4447	0.196876	0	20180209
421	246	4858	0.00673232	0	20180209
421	246	5068	0.00673232	0	20180209
83	246	5273	0.196876	0	20180209
12	246	1958	0.0118995	0	20180209
109	246	4737	0.548986	0	20180209
573	246	3756	0.0867049	0	20180209
8	246	3642	0.692217	0	20180209
386	246	4150	0.00448073	0	20180209
624	246	1968	0.0021148	0	20180209
344	246	1970	0.211778	0	20180209
48	246	6235	0.00635995	0	20180209
421	246	2617	0.00673232	0	20180209
46	246	1961	0.109858	0	20180209
571	246	5626	0.00271991	0	20180209
292	246	3382	2.77581e-05	0	20180209
8	246	4208	0.692217	0	20180209
77	246	1967	0.000636346	0	20180209
58	246	1562	0.957881	0	20180212
83	246	3119	0.196236	0	20180212
480	246	1565	0.113893	0	20180212
12	246	3067	0.0119195	0	20180212
8	246	4639	0.691536	0	20180212
58	246	5474	0.957881	0	20180212
8	246	5448	0.691536	0	20180212
344	246	2475	0.210738	0	20180212
209	246	2481	0.0107575	0	20180212
8	246	3356	0.691536	0	20180212
8	246	1571	0.691536	0	20180212
8	246	1587	0.691536	0	20180212
109	246	5700	0.548707	0	20180212
12	246	1560	0.0119195	0	20180212
209	246	1574	0.0107575	0	20180212
77	246	5909	0.000632869	0	20180212
48	246	3321	0.00643178	0	20180212
48	246	1555	0.00643178	0	20180212
629	246	1570	0.52156	0	20180212
58	246	2856	0.957881	0	20180212
81	246	1556	0.541749	0	20180212
8	246	2798	0.691536	0	20180212
83	246	1835	0.196236	0	20180212
8	246	4767	0.691536	0	20180212
8	246	2474	0.691536	0	20180212
209	246	4567	0.0107575	0	20180212
209	246	3322	0.0105475	0	20180213
83	246	3068	0.195519	0	20180213
8	246	1585	0.689594	0	20180213
588	246	5667	0.0717867	0	20180213
46	246	1580	0.108666	0	20180213
8	246	6614	0.689594	0	20180213
386	246	4231	0.00440227	0	20180213
257	246	6435	0.175313	0	20180213
90	246	1829	0.499956	0	20180213
373	246	2480	5.05419e-05	0	20180213
185	246	5015	0.203324	0	20180213
180	246	1586	0.738481	0	20180213
344	246	4406	0.210146	0	20180213
81	246	1583	0.54271	0	20180213
8	246	6330	0.689594	0	20180213
386	246	6264	0.00440227	0	20180213
109	246	1834	0.547297	0	20180213
373	246	2479	5.05419e-05	0	20180213
373	246	1573	5.05419e-05	0	20180213
48	246	5599	0.00634284	0	20180213
81	246	5766	0.54271	0	20180213
46	246	3865	0.108666	0	20180213
109	246	3721	0.547297	0	20180213
77	246	1575	0.000636509	0	20180213
8	246	1588	0.689594	0	20180213
8	246	4896	0.689594	0	20180213
8	246	5825	0.689594	0	20180213
786	246	5186	0.0208163	0	20180213
243	246	1579	0.0577366	0	20180213
421	246	4010	0.00670159	0	20180213
8	246	1830	0.689594	0	20180213
8	246	2931	0.689594	0	20180213
344	246	1843	0.210146	0	20180213
8	246	5826	0.689594	0	20180213
262	246	1581	0.0856724	0	20180213
122	246	4232	0.183892	0	20180213
8	246	1599	0.689484	0	20180214
194	246	3118	0.000237368	0	20180214
262	246	1603	0.0861758	0	20180214
520	246	1601	0.284643	0	20180214
421	246	3723	0.00670052	0	20180214
8	246	1608	0.689484	0	20180214
8	246	6041	0.689484	0	20180214
386	246	1591	0.0044558	0	20180214
8	246	6611	0.689484	0	20180214
83	246	3931	0.195155	0	20180214
48	246	6284	0.00643776	0	20180214
58	246	6070	0.955004	0	20180214
8	246	5807	0.689484	0	20180214
8	246	1589	0.689484	0	20180214
575	246	6561	0.0335695	0	20180214
147	246	2488	0.00115493	0	20180214
209	246	3866	0.010752	0	20180214
8	246	3607	0.689484	0	20180214
8	246	3606	0.689484	0	20180214
8	246	6582	0.689484	0	20180214
386	246	5960	0.0044558	0	20180214
8	246	6177	0.689484	0	20180214
8	246	5560	0.689484	0	20180214
8	246	5042	0.689484	0	20180214
109	246	5449	0.548865	0	20180214
46	246	5288	0.108614	0	20180214
8	246	6048	0.689484	0	20180214
48	246	2855	0.00643776	0	20180214
90	246	3519	0.501944	0	20180214
421	246	4898	0.00670052	0	20180214
50	246	1576	0.0370641	0	20180214
8	246	6376	0.689484	0	20180214
12	246	6415	0.0119723	0	20180214
50	246	3598	0.0370641	0	20180214
8	246	6112	0.689484	0	20180214
8	246	5849	0.689484	0	20180214
8	246	5602	0.689484	0	20180214
8	246	5187	0.689484	0	20180214
421	246	714	0.00670052	0	20180214
90	246	1842	0.501944	0	20180214
421	246	713	0.00670052	0	20180214
46	246	3066	0.108614	0	20180214
52	246	5452	0.00623668	0	20180214
480	246	1594	0.114297	0	20180214
50	246	1607	0.0370641	0	20180214
8	246	3605	0.689484	0	20180214
209	246	1605	0.010752	0	20180214
1434	246	1569	0.101403	0	20180214
8	246	2487	0.689484	0	20180214
415	246	6537	0.021949	0	20180214
8	246	5636	0.689484	0	20180214
8	246	2569	0.689484	0	20180214
90	246	2484	0.501944	0	20180214
520	246	4732	0.284643	0	20180214
12	246	2486	0.0119723	0	20180214
209	246	1600	0.010752	0	20180214
209	246	736	0.0107254	0	20180215
243	246	3904	0.0587179	0	20180215
8	246	2723	0.685593	0	20180215
8	246	710	0.685593	0	20180215
8	246	1617	0.685593	0	20180215
8	246	4624	0.685593	0	20180215
8	246	4268	0.685593	0	20180215
12	246	1611	0.0121147	0	20180215
573	246	2996	0.0879823	0	20180215
8	246	2491	0.685593	0	20180215
109	246	2228	0.548167	0	20180215
8	246	2572	0.685593	0	20180215
386	246	1609	0.00440625	0	20180215
12	246	1615	0.0121147	0	20180215
344	246	2722	0.210751	0	20180215
83	246	1616	0.194494	0	20180215
83	246	1613	0.194494	0	20180215
344	246	4302	0.210751	0	20180215
8	246	6183	0.685593	0	20180215
8	246	5625	0.685593	0	20180215
344	246	4408	0.210751	0	20180215
12	246	759	0.0121147	0	20180215
83	246	5424	0.194494	0	20180215
8	246	709	0.685593	0	20180215
209	246	746	0.0107254	0	20180215
209	246	3324	0.0107254	0	20180215
8	246	3325	0.685593	0	20180215
386	246	2857	0.00440625	0	20180215
8	246	3798	0.685593	0	20180215
257	246	1614	0.176041	0	20180215
321	246	5989	0.0131784	0	20180215
8	246	4381	0.685593	0	20180215
83	246	2221	0.194494	0	20180215
12	246	5969	0.0121147	0	20180215
480	246	1610	0.114978	0	20180215
46	246	2725	0.108946	0	20180215
421	246	5493	0.00668545	0	20180215
46	246	4483	0.108946	0	20180215
12	246	6498	0.0121147	0	20180215
8	246	749	0.685593	0	20180215
8	246	3905	0.685593	0	20180215
8	246	4730	0.685593	0	20180215
185	246	5506	0.206138	0	20180215
185	246	3120	0.206138	0	20180215
243	246	719	0.0587179	0	20180215
46	246	704	0.108946	0	20180215
58	246	5317	0.963018	0	20180215
243	246	2721	0.0587179	0	20180215
218	246	6380	0.186683	0	20180215
8	246	5731	0.685593	0	20180215
109	246	3608	0.548167	0	20180215
415	246	5939	0.0219303	0	20180216
58	246	2365	0.963366	0	20180216
90	246	724	0.506447	0	20180216
8	246	5283	0.685036	0	20180216
58	246	765	0.963366	0	20180216
8	246	4057	0.685036	0	20180216
624	246	760	0.00214462	0	20180216
8	246	707	0.685036	0	20180216
209	246	3700	0.0107188	0	20180216
8	246	3271	0.685036	0	20180216
50	246	728	0.0370696	0	20180216
209	246	740	0.0107188	0	20180216
8	246	5693	0.685036	0	20180216
209	246	742	0.0107188	0	20180216
12	246	1454	0.0121556	0	20180216
480	246	5779	0.114637	0	20180216
8	246	3427	0.685036	0	20180216
415	246	4691	0.0219303	0	20180216
209	246	745	0.0107188	0	20180216
8	246	5486	0.685036	0	20180216
77	246	4927	0.000645611	0	20180216
8	246	2791	0.685036	0	20180216
122	246	1452	0.182676	0	20180216
571	246	732	0.00275813	0	20180216
257	246	756	0.17578	0	20180216
8	246	5925	0.685036	0	20180216
50	246	2724	0.0370696	0	20180216
209	246	741	0.0107188	0	20180216
81	246	722	0.545631	0	20180216
8	246	4213	0.685036	0	20180216
209	246	723	0.0107188	0	20180216
8	246	5593	0.685036	0	20180216
8	246	4498	0.685036	0	20180216
321	246	4088	0.0132183	0	20180216
421	246	3217	0.00669896	0	20180216
209	246	743	0.0107188	0	20180216
185	246	6123	0.206504	0	20180216
8	246	2222	0.685036	0	20180216
8	246	1131	0.688699	0	20180220
209	246	5505	0.0106733	0	20180220
8	246	2710	0.688699	0	20180220
77	246	2195	0.000644849	0	20180220
154	246	1119	0.517491	0	20180220
52	246	6515	0.00622853	0	20180220
8	246	2911	0.688699	0	20180220
122	246	606	0.183653	0	20180220
8	246	599	0.688699	0	20180220
8	246	3965	0.688699	0	20180220
81	246	2190	0.545863	0	20180220
8	246	6374	0.688699	0	20180220
109	246	3204	0.545634	0	20180220
90	246	2202	0.507158	0	20180220
8	246	2183	0.688699	0	20180220
90	246	2194	0.507158	0	20180220
83	246	1132	0.196884	0	20180220
8	246	1127	0.688699	0	20180220
421	246	5544	0.00670332	0	20180220
109	246	5691	0.545634	0	20180220
8	246	4689	0.688699	0	20180220
58	246	2397	0.963249	0	20180220
421	246	5543	0.00670332	0	20180220
109	246	2191	0.545634	0	20180220
561	246	2185	0.00604045	0	20180220
122	246	607	0.183653	0	20180220
180	246	4379	0.736813	0	20180220
8	246	4122	0.688699	0	20180220
185	246	2203	0.204988	0	20180220
605	246	604	1.79115	0	20180220
415	246	626	0.0218989	0	20180220
8	246	5274	0.688699	0	20180220
8	246	4390	0.688699	0	20180220
321	246	595	0.0131547	0	20180220
8	246	1134	0.688699	0	20180220
12	246	3528	0.012185	0	20180220
8	246	3707	0.689777	0	20180221
109	246	5402	0.544375	0	20180221
8	246	5590	0.689777	0	20180221
147	246	4877	0.00115806	0	20180221
81	246	1126	0.541613	0	20180221
185	246	2176	0.2047	0	20180221
373	246	5108	5.07861e-05	0	20180221
12	246	4378	0.0121753	0	20180221
50	246	2196	0.0369818	0	20180221
48	246	3209	0.00641653	0	20180221
575	246	2704	0.0334778	0	20180221
421	246	6097	0.00665358	0	20180221
629	246	627	0.522836	0	20180221
8	246	5792	0.689777	0	20180221
58	246	614	0.960377	0	20180221
8	246	5595	0.689777	0	20180221
8	246	6099	0.689777	0	20180221
8	246	4054	0.689777	0	20180221
12	246	3984	0.0121753	0	20180221
8	246	2969	0.689777	0	20180221
8	246	2193	0.689777	0	20180221
50	246	6136	0.0369818	0	20180221
58	246	3469	0.960377	0	20180221
344	246	6263	0.212233	0	20180221
147	246	2178	0.00115806	0	20180221
109	246	2189	0.544375	0	20180221
8	246	1130	0.689777	0	20180221
185	246	6448	0.2047	0	20180221
180	246	3267	0.735605	0	20180221
46	246	2708	0.107955	0	20180221
48	246	3421	0.00641653	0	20180221
50	246	2197	0.0369818	0	20180221
8	246	3668	0.689777	0	20180221
48	246	3422	0.00641653	0	20180221
209	246	3207	0.0106421	0	20180221
12	246	4091	0.0121753	0	20180221
109	246	641	0.544375	0	20180221
8	246	2970	0.689777	0	20180221
415	246	628	0.0218762	0	20180221
624	246	623	0.00215636	0	20180221
8	246	3208	0.689777	0	20180221
8	246	2707	0.689777	0	20180221
8	246	3876	0.689777	0	20180221
83	246	3697	0.197023	0	20180221
243	246	4298	0.059261	0	20180221
344	246	4541	0.212233	0	20180221
373	246	2701	5.0527e-05	0	20180222
81	246	1122	0.538967	0	20180222
33	246	618	0.189685	0	20180222
8	246	5224	0.690452	0	20180222
243	246	608	0.0589631	0	20180222
8	246	3081	0.690452	0	20180222
321	246	594	0.0132463	0	20180222
8	246	1120	0.690452	0	20180222
58	246	1118	0.958313	0	20180222
8	246	4014	0.690452	0	20180222
8	246	1129	0.690452	0	20180222
81	246	4876	0.538967	0	20180222
209	246	3570	0.0106149	0	20180222
48	246	1183	0.00643178	0	20180222
8	246	2968	0.690452	0	20180222
8	246	6185	0.690452	0	20180222
257	246	6117	0.176203	0	20180222
344	246	1136	0.211847	0	20180222
415	246	6002	0.0218401	0	20180222
1005	246	3834	0.00685108	0	20180222
209	246	2186	0.0106149	0	20180222
209	246	4362	0.0106149	0	20180222
58	246	1121	0.958313	0	20180222
605	246	1145	1.79571	0	20180222
8	246	2188	0.690452	0	20180222
46	246	1184	0.108599	0	20180222
46	246	3053	0.108599	0	20180222
8	246	5618	0.690452	0	20180222
109	246	1128	0.543278	0	20180222
46	246	1511	0.108599	0	20180222
629	246	5596	0.521057	0	20180222
8	246	6017	0.690452	0	20180222
46	246	3964	0.108599	0	20180222
8	246	5088	0.690452	0	20180222
8	246	4660	0.690452	0	20180222
50	246	5901	0.0370069	0	20180222
8	246	4999	0.690452	0	20180222
209	246	622	0.0106149	0	20180222
209	246	2403	0.0106149	0	20180222
209	246	3252	0.0106149	0	20180222
122	246	2357	0.184121	0	20180222
180	246	1185	0.736482	0	20180222
344	246	3420	0.211847	0	20180222
8	246	5485	0.690452	0	20180222
12	246	601	0.0121642	0	20180222
480	246	1167	0.113829	0	20180222
109	246	5730	0.543278	0	20180222
8	246	2700	0.690452	0	20180222
46	246	2192	0.108599	0	20180222
175	246	3819	0.847857	0	20180223
48	246	4504	0.00644875	0	20180223
8	246	2802	0.689371	0	20180223
109	246	1155	0.544183	0	20180223
8	246	1677	0.689371	0	20180223
8	246	4625	0.689371	0	20180223
58	246	4993	0.963637	0	20180223
8	246	4570	0.689371	0	20180223
344	246	5494	0.212697	0	20180223
8	246	5670	0.689371	0	20180223
50	246	2404	0.037131	0	20180223
243	246	3689	0.0595366	0	20180223
8	246	6189	0.689371	0	20180223
81	246	1141	0.539157	0	20180223
573	246	6375	0.0876159	0	20180223
8	246	4640	0.689371	0	20180223
109	246	4934	0.544183	0	20180223
8	246	6588	0.689371	0	20180223
8	246	4275	0.689371	0	20180223
58	246	3079	0.963637	0	20180223
344	246	2401	0.212697	0	20180223
175	246	6023	0.847857	0	20180223
209	246	1178	0.0106347	0	20180223
8	246	6293	0.689371	0	20180223
8	246	5081	0.689371	0	20180223
29	246	1671	1.82552e-05	0	20180223
77	246	3484	0.000636597	0	20180223
8	246	5656	0.689371	0	20180223
109	246	1154	0.544183	0	20180223
8	246	3441	0.689371	0	20180223
8	246	5082	0.689371	0	20180223
8	246	3335	0.689371	0	20180223
81	246	1142	0.539157	0	20180223
8	246	3616	0.689371	0	20180223
415	246	3247	0.0219043	0	20180223
12	246	2514	0.0121556	0	20180223
8	246	4974	0.689371	0	20180223
8	246	5581	0.689371	0	20180223
209	246	3863	0.0106347	0	20180223
8	246	3336	0.689371	0	20180223
8	246	5461	0.689371	0	20180223
83	246	5603	0.197811	0	20180223
8	246	3444	0.689371	0	20180223
257	246	3473	0.175882	0	20180226
46	246	1157	0.109097	0	20180226
8	246	4236	0.688225	0	20180226
243	246	2513	0.0593763	0	20180226
83	246	5499	0.196973	0	20180226
8	246	5366	0.688225	0	20180226
373	246	1143	5.03862e-05	0	20180226
8	246	2623	0.688225	0	20180226
180	246	1672	0.736306	0	20180226
8	246	5712	0.688225	0	20180226
8	246	5773	0.688225	0	20180226
48	246	5240	0.00646221	0	20180226
46	246	2972	0.109097	0	20180226
8	246	3942	0.688225	0	20180226
109	246	2971	0.542507	0	20180226
109	246	4629	0.542507	0	20180226
8	246	5562	0.688225	0	20180226
83	246	2308	0.196973	0	20180226
321	246	3157	0.0132624	0	20180226
83	246	6275	0.196973	0	20180226
415	246	1992	0.0219453	0	20180226
8	246	1995	0.688225	0	20180226
46	246	2305	0.109097	0	20180226
386	246	2887	0.00443309	0	20180226
8	246	5193	0.688225	0	20180226
344	246	4452	0.212776	0	20180226
8	246	4967	0.688225	0	20180226
81	246	1139	0.541151	0	20180226
8	246	4605	0.688225	0	20180226
8	246	3512	0.688225	0	20180226
243	246	4310	0.0593763	0	20180226
46	246	1163	0.109097	0	20180226
8	246	4154	0.688225	0	20180226
243	246	6414	0.0593763	0	20180226
209	246	2307	0.0106431	0	20180226
58	246	1987	0.96675	0	20180226
321	246	2512	0.0132624	0	20180226
154	246	1181	0.517491	0	20180226
321	246	1669	0.0132624	0	20180226
243	246	2627	0.0592381	0	20180227
46	246	4739	0.109203	0	20180227
12	246	1991	0.0123766	0	20180227
573	246	5570	0.0880228	0	20180227
109	246	4676	0.540836	0	20180227
209	246	1983	0.0106247	0	20180227
561	246	6338	0.00602805	0	20180227
415	246	5709	0.0220185	0	20180227
421	246	6224	0.00664633	0	20180227
12	246	6193	0.0123766	0	20180227
46	246	5454	0.109203	0	20180227
8	246	2622	0.689025	0	20180227
8	246	5708	0.689025	0	20180227
209	246	3646	0.0106247	0	20180227
520	246	5326	0.284313	0	20180227
573	246	1982	0.0880228	0	20180227
46	246	5205	0.109203	0	20180227
8	246	3496	0.689025	0	20180227
209	246	1997	0.0106247	0	20180227
209	246	1996	0.0106247	0	20180227
8	246	1981	0.689025	0	20180227
243	246	2628	0.0592381	0	20180227
209	246	4968	0.0106247	0	20180227
629	246	6585	0.523059	0	20180227
243	246	5627	0.0592381	0	20180227
147	246	2624	0.00117125	0	20180227
209	246	2889	0.0106247	0	20180227
90	246	5831	0.502919	0	20180227
46	246	1989	0.109203	0	20180227
12	246	2625	0.0123766	0	20180227
8	246	5710	0.689025	0	20180227
209	246	5206	0.0106247	0	20180227
90	246	1985	0.502919	0	20180227
90	246	1986	0.502919	0	20180227
321	246	5207	0.0132942	0	20180227
8	246	3388	0.689025	0	20180227
109	246	3647	0.540836	0	20180227
109	246	6115	0.540836	0	20180227
421	246	3392	0.00664633	0	20180227
180	246	2626	0.733111	0	20180228
8	246	5943	0.691617	0	20180228
8	246	4782	0.691617	0	20180228
243	246	3156	0.0588605	0	20180228
8	246	2640	0.691617	0	20180228
209	246	3495	0.0106234	0	20180228
12	246	2025	0.0122683	0	20180228
209	246	1984	0.0106234	0	20180228
8	246	5830	0.691617	0	20180228
588	246	4158	0.0724123	0	20180228
209	246	2024	0.0106234	0	20180228
58	246	3389	0.957336	0	20180228
8	246	4919	0.691617	0	20180228
12	246	3761	0.0122683	0	20180228
209	246	2891	0.0106234	0	20180228
8	246	2021	0.691617	0	20180228
262	246	4343	0.0837714	0	20180228
8	246	4521	0.691617	0	20180228
8	246	6476	0.691617	0	20180228
8	246	2886	0.691617	0	20180228
8	246	5097	0.691617	0	20180228
257	246	6225	0.176186	0	20180228
46	246	6049	0.109234	0	20180228
46	246	4675	0.109234	0	20180228
83	246	3652	0.198455	0	20180228
243	246	4083	0.0588605	0	20180228
154	246	6592	0.517491	0	20180228
12	246	3395	0.0122683	0	20180228
58	246	2641	0.957336	0	20180228
8	246	2020	0.691617	0	20180228
8	246	4917	0.691617	0	20180228
180	246	4918	0.733111	0	20180228
209	246	6594	0.0106234	0	20180228
83	246	4159	0.198455	0	20180228
180	246	2888	0.733111	0	20180228
109	246	5327	0.539946	0	20180228
147	246	5711	0.00117392	0	20180228
12	246	5397	0.0122683	0	20180228
386	246	1892	0.00450443	0	20180301
83	246	5681	0.202699	0	20180301
12	246	3936	0.0122749	0	20180301
344	246	3490	0.212398	0	20180301
12	246	3365	0.0122749	0	20180301
629	246	5722	0.522764	0	20180301
109	246	3632	0.539035	0	20180301
8	246	5850	0.692714	0	20180301
8	246	3460	0.692714	0	20180301
8	246	5917	0.692714	0	20180301
46	246	5900	0.10923	0	20180301
8	246	1889	0.692714	0	20180301
8	246	1891	0.692714	0	20180301
415	246	4522	0.0217473	0	20180301
12	246	1899	0.0122749	0	20180301
8	246	3127	0.692714	0	20180301
575	246	1885	0.0331474	0	20180301
8	246	4910	0.692714	0	20180301
8	246	3633	0.692714	0	20180301
8	246	4029	0.692714	0	20180301
46	246	5877	0.10923	0	20180301
415	246	4963	0.0217473	0	20180301
147	246	5417	0.00116695	0	20180301
81	246	1884	0.535537	0	20180301
58	246	3165	0.952135	0	20180301
46	246	4437	0.10923	0	20180301
8	246	2018	0.692714	0	20180301
415	246	2592	0.0217473	0	20180301
8	246	6011	0.692714	0	20180301
8	246	6018	0.692714	0	20180301
12	246	1897	0.0122749	0	20180301
50	246	3128	0.0367273	0	20180301
46	246	2590	0.10923	0	20180301
180	246	2637	0.732256	0	20180301
12	246	2642	0.0122749	0	20180301
344	246	3745	0.212398	0	20180301
8	246	2588	0.692714	0	20180301
12	246	3125	0.0122749	0	20180301
415	246	6484	0.0217473	0	20180301
8	246	5023	0.692714	0	20180301
8	246	6518	0.692714	0	20180301
109	246	6012	0.539035	0	20180301
46	246	3126	0.10923	0	20180301
8	246	2589	0.692714	0	20180301
209	246	1883	0.0106202	0	20180301
8	246	5586	0.692714	0	20180301
429	246	1886	0.212359	0	20180301
8	246	6468	0.692714	0	20180301
90	246	4623	0.498546	0	20180301
421	246	3367	0.00664155	0	20180301
8	246	3746	0.689644	0	20180302
46	246	5683	0.10861	0	20180302
8	246	1887	0.689644	0	20180302
373	246	4670	5.01705e-05	0	20180302
12	246	3371	0.0121713	0	20180302
786	246	1909	0.0207812	0	20180302
83	246	1895	0.196236	0	20180302
8	246	4206	0.689644	0	20180302
81	246	2596	0.534888	0	20180302
90	246	4326	0.501302	0	20180302
373	246	3935	5.01705e-05	0	20180302
8	246	4438	0.689644	0	20180302
46	246	5813	0.10861	0	20180302
8	246	4523	0.689644	0	20180302
48	246	5024	0.00649077	0	20180302
90	246	4325	0.501302	0	20180302
8	246	2598	0.689644	0	20180302
8	246	4245	0.689644	0	20180302
8	246	5359	0.689644	0	20180302
257	246	3131	0.176109	0	20180302
180	246	5131	0.737587	0	20180302
52	246	3634	0.00623693	0	20180302
209	246	3130	0.0107575	0	20180302
8	246	4671	0.689644	0	20180302
243	246	6222	0.0579131	0	20180302
50	246	2597	0.0365067	0	20180302
421	246	4849	0.00661339	0	20180302
8	246	1900	0.689644	0	20180302
109	246	1906	0.534981	0	20180302
77	246	5321	0.000637438	0	20180302
575	246	4441	0.0334162	0	20180302
421	246	5890	0.00661339	0	20180302
109	246	5357	0.534981	0	20180302
12	246	1903	0.0121713	0	20180302
243	246	5358	0.0579131	0	20180302
209	246	3129	0.0107575	0	20180302
109	246	4583	0.534981	0	20180302
8	246	5648	0.689644	0	20180302
180	246	1894	0.737587	0	20180302
8	246	5320	0.689644	0	20180302
48	246	4084	0.00653378	0	20180305
8	246	248	0.689641	0	20180305
180	246	3534	0.735382	0	20180305
786	246	5800	0.0207443	0	20180305
292	246	290	1.95966e-05	0	20180305
8	246	2983	0.689641	0	20180305
8	246	267	0.689641	0	20180305
209	246	2112	0.0106012	0	20180305
344	246	2841	0.211702	0	20180305
8	246	3869	0.689641	0	20180305
209	246	5264	0.0106012	0	20180305
386	246	3192	0.00444279	0	20180305
480	246	3409	0.113973	0	20180305
415	246	3407	0.0219449	0	20180305
8	246	4941	0.689641	0	20180305
8	246	265	0.689641	0	20180305
8	246	5864	0.689641	0	20180305
90	246	2347	0.49861	0	20180305
8	246	2941	0.689641	0	20180305
58	246	4593	0.952601	0	20180305
8	246	273	0.689641	0	20180305
109	246	3779	0.531433	0	20180305
77	246	3410	0.000637789	0	20180305
421	246	5400	0.00661336	0	20180305
8	246	250	0.689641	0	20180305
243	246	3780	0.0578381	0	20180305
109	246	6278	0.531433	0	20180305
46	246	2114	0.10875	0	20180305
8	246	3781	0.689641	0	20180305
243	246	300	0.0578381	0	20180305
429	246	2897	0.212263	0	20180305
81	246	264	0.53461	0	20180305
83	246	2111	0.199549	0	20180305
8	246	272	0.689641	0	20180305
8	246	3196	0.689641	0	20180305
46	246	2674	0.10875	0	20180305
8	246	3535	0.689641	0	20180305
8	246	240	0.689641	0	20180305
8	246	2672	0.689641	0	20180305
8	246	4979	0.689641	0	20180305
48	246	3191	0.00653378	0	20180305
109	246	2113	0.531433	0	20180305
8	246	5031	0.689641	0	20180305
480	246	4045	0.113973	0	20180305
386	246	2670	0.00444279	0	20180305
8	246	5142	0.689641	0	20180305
109	246	6322	0.531433	0	20180305
185	246	4683	0.202865	0	20180305
8	246	274	0.689641	0	20180305
292	246	291	1.95966e-05	0	20180305
58	246	6623	0.95581	0	20180306
81	246	4867	0.534555	0	20180306
48	246	3693	0.00646645	0	20180306
257	246	6021	0.176132	0	20180306
8	246	2346	0.687707	0	20180306
8	246	6536	0.687707	0	20180306
8	246	3112	0.687707	0	20180306
8	246	244	0.687707	0	20180306
573	246	2783	0.0887879	0	20180306
58	246	1512	0.95581	0	20180306
109	246	5007	0.533189	0	20180306
386	246	3113	0.00443256	0	20180306
8	246	1513	0.687707	0	20180306
8	246	3264	0.687707	0	20180306
683	246	3724	0.5219	0	20180306
8	246	4203	0.687707	0	20180306
386	246	4211	0.00443256	0	20180306
344	246	5978	0.213309	0	20180306
421	246	4609	0.00660114	0	20180306
8	246	6149	0.687707	0	20180306
243	246	2336	0.0585619	0	20180306
8	246	2105	0.687707	0	20180306
8	246	3355	0.687707	0	20180306
8	246	5071	0.687707	0	20180306
8	246	2564	0.687707	0	20180306
8	246	6388	0.687707	0	20180306
8	246	2784	0.687707	0	20180306
8	246	245	0.687707	0	20180306
8	246	6197	0.687707	0	20180306
8	246	5347	0.687707	0	20180306
8	246	4075	0.687707	0	20180306
8	246	241	0.687707	0	20180306
185	246	2337	0.202648	0	20180306
292	246	1823	1.95417e-05	0	20180306
83	246	1817	0.198244	0	20180306
12	246	3576	0.0121709	0	20180306
421	246	3813	0.00660114	0	20180306
58	246	6619	0.95581	0	20180306
8	246	249	0.687707	0	20180306
8	246	5467	0.687707	0	20180306
90	246	5624	0.497625	0	20180306
48	246	3661	0.00646645	0	20180306
292	246	4868	1.95417e-05	0	20180306
8	246	5062	0.687707	0	20180306
575	246	2807	0.0336287	0	20180306
48	246	4643	0.00646645	0	20180306
8	246	6010	0.687707	0	20180306
8	246	1824	0.687707	0	20180306
29	246	6331	1.83963e-05	0	20180306
520	246	3263	0.282802	0	20180306
147	246	2108	0.0011452	0	20180306
243	246	2787	0.0585619	0	20180306
8	246	1825	0.687289	0	20180307
415	246	3814	0.021928	0	20180307
421	246	3514	0.00661236	0	20180307
48	246	3326	0.00650719	0	20180307
46	246	3609	0.10865	0	20180307
8	246	2496	0.687289	0	20180307
8	246	2975	0.687289	0	20180307
243	246	2339	0.0578137	0	20180307
58	246	3069	0.952273	0	20180307
77	246	2342	0.000639101	0	20180307
109	246	3072	0.530848	0	20180307
1005	246	3815	0.0068998	0	20180307
122	246	1628	0.183277	0	20180307
77	246	2341	0.000639101	0	20180307
421	246	6361	0.00661236	0	20180307
90	246	2786	0.500759	0	20180307
81	246	1622	0.53636	0	20180307
48	246	2785	0.00650719	0	20180307
386	246	1621	0.0044317	0	20180307
109	246	3489	0.530848	0	20180307
77	246	2340	0.000639101	0	20180307
209	246	1625	0.0105797	0	20180307
77	246	2871	0.000639101	0	20180307
